   Amsterdam DenHaag  Haarlem   Rotterdam  Utrecht
1   25868.56 25035.34 24718.78  25514.53 24716.62
2   25246.65 25190.63 25860.74  26110.48 24451.94
3   26131.89 24832.10 25017.44  26602.39 25674.46
4   25746.80 25378.19 26268.52  26178.52 24056.68
5   26583.61 25090.06 25117.47  26521.71 24083.86
6   25705.37 25611.45 25194.25  26258.89 24208.90
7   26155.40 25003.79 25008.10  27391.44 24275.86
8   26657.18 24406.63 25259.97  27076.32 24631.91
9   25868.94 24791.75 26222.60  26502.97 25256.28
10  25185.02 24526.10 25702.84  26831.89 24366.33